10000
1017
1019
1021
1026
1027
1029
10297
1030
10319
10342
1050
10928
11186
11211
112398
112399
112401
1147
1163
1164
1282
1284
1285
1286
1287
1288
1387
1398
2246
2247
2248
2249
2250
2251
2252
2253
2254
2255
2256
2257
2258
2259
2260
2261
2263
2271
2277
22798
2308
2322
2323
2335
2353
23533
23604
23624
2475
25
2535
26060
26281
26291
27006
27148
2735
2736
2737
284217
2885
29119
2932
2950
2956
3065
3066
3082
3091
324
3265
329
330
331
332
3320
3326
3479
3480
354
355
3551
356
3569
3576
3655
367
3673
3674
3675
3685
3688
369
3716
3725
3728

