10000
1017
1019
1021
1026
1027
1029
10297
1030
10319
10342
1050
10928
11186
11211
112398
112399
112401
1147
1163
1164
1282
1284
1285
1286
1287
1288
1387
1398
1399
1436
1438
1441
1487
1488
1495
1496
1499
1612
1613
1630
1855
1856
1857
1869
1870
1871
1950
1956
2033
2034
2064
207
208
2113
2122
2246
2247
2248
2249
2250
2251
2252
2253
2254
2255
2256
2257
2258
2475
25
2535
26060
26281
26291
27006
27148
2735
2736
2737
284217
2885
29119
2932
2950
2956
3685
3688
369
3716
3725
3728
3815
3845
387
3908
3909
3910
3911
3912
3913
3914
3915
3918
405
4087
4088
4089
4149
4193
4233
4254
4286
4292
4312
6256
6257
6258
637
64399
6469
650
6502
7184
7185
