112401
1147
1163
1164
1282
1284
1285
1286
1287
1288
1387
1398
1399
1436
1438
1441
1487
1488
1495
1496
1499
1612
1613
1630
1855
1856
1857
1869
1870
1871
1950
1956
2033
2034
2064
207
208
2113
2122
2246
2247
2248
2249
2250
2251
2252
2253
2254
2255
2256
2257
2258
2259
2260
2261
2263
2271
2277
22798
2308
2322
2323
2335
2353
23533
23604
23624
2475
25
2535
26060
26281
26291
27006
27148
2735
2736
2737
284217
2885
29119
2932
2950
2956
3065
3066
3082
3091
324
3265
329
330
331
332
3320
3326
3479
3480
354
355
3551
356
3569
4233
4254
4286
4292
4312
4313
4318
4436
4437
4609
4790
4791
4792
4824
4843
4893
4914
51176
51384
5154
5155
5156
5159
51684
5228
5290
5291
5293
5294
5295
5296
5335
5336
5337
5371
54205
54361
54583
5467
5468
5578
5579
5582
5594
5595
5599
5601
6777
6789
6921
6923
6932
6934
7039

