10000
1017
1029
10297
11211
112398
112399
112401
1147
1163
1164
1284
1285
1286
1436
1438
1441
1487
1488
1495
1496
1870
1871
1950
1956
2033
2034
2064
207
208
2113
2122
2246
2247
2535
26060
26281
26291
27006
27148
2735
2736
2737
284217
2885
29119
2932
2950
3066
3082
3091
324
3265
329
330
331
332
3320
3326
3479
3480
354
355
3551
356
3569
3576
3655
367
3673
369
3716
3725
3728
3815
3845
387
3908
3909
3910
3911
3912
3913
3914
3915
3918
405
4087
4088
4089
4286
4292
4312
4313
4318
4436
4437
4609
4790
4791
4792
4824
4843
4893
4914
51176
51384
5154
5155
5156
5159
51684
5228
5290
5291
5293
5294
5295
5296
5335
5336
5337
5371
54205
54361
54583
5467
5468
5578
5579
5582
5602
5604
5605
572
5727
5728
5743
5747
581
5879
5880
6256
6257
6258
637
64399
6469
650
6502
6513
652
6608
6654
6655
6688
673
675
6772
6774
6776
6777
6789
6921
7040
7042
7043
7046
7048
7157
7170

